name: bug2835
channels:
  - conda-forge
  - defaults
dependencies:
  - appdirs=1.4.0=py27_0
  - bzip2=1.0.6=h470a237_2
  - dbus=1.13.0=h3a4f0e9_0
  - future=0.16.0=py27_0
  - giflib=5.1.4=h470a237_0
  - gmp=6.1.2=hfc679d8_0
  - gnutls=3.5.19=h2a4e5f8_1
  - hdf5=1.10.2=hc401514_1
  - icu=58.2=0
  - libiconv=1.15=0
  - libxml2=2.9.8=0
  - libxslt=1.1.32=0
  - lxml=3.7.2=py27_1
  - nettle=3.3=0
  - openblas=0.2.20=8
  - openh264=1.7.0=0
  - packaging=16.8=py27_0
  - pexpect=4.2.1=py27_0
  - ptyprocess=0.5.1=py27_0
  - pyparsing=2.1.10=py27_0
  - six=1.10.0=py27_1
  - x264=1!152.20180717=h470a237_0
  - xorg-kbproto=1.0.7=h470a237_2
  - xorg-libice=1.0.9=h470a237_4
  - xorg-libsm=1.2.2=h470a237_5
  - xorg-libx11=1.6.5=h470a237_2
  - xorg-libxext=1.3.3=h470a237_4
  - xorg-libxrender=0.9.10=h470a237_2
  - xorg-renderproto=0.11.1=h470a237_2
  - xorg-xextproto=7.3.0=h470a237_2
  - xorg-xproto=7.0.31=h470a237_7
  - blas=1.0=mkl
  - ca-certificates=2018.03.07=0
  - cairo=1.12.18=6
  - certifi=2018.11.29=py27_0
  - expat=2.2.5=he0dffb1_0
  - ffmpeg=3.4=h7985aa0_0
  - fontconfig=2.11.1=6
  - freeglut=3.0.0=hf484d3e_5
  - freetype=2.5.5=1
  - fribidi=1.0.4=h14c3975_0
  - gettext=0.19.8.1=hd7bead4_3
  - glib=2.56.2=hd408876_0
  - graphite2=1.3.11=h16798f4_2
  - gst-plugins-base=1.14.0=hbbd80ab_1
  - gstreamer=1.14.0=hb453b48_1
  - harfbuzz=0.9.39=1
  - intel-openmp=2018.0.3=0
  - jbig=2.1=hdba287a_0
  - jpeg=8d=2
  - libedit=3.1.20170329=h6b74fdf_2
  - libffi=3.2.1=hd88cf55_4
  - libgcc-ng=8.2.0=hdf63c60_1
  - libgfortran=3.0.0=1
  - libgfortran-ng=7.3.0=hdf63c60_0
  - libglu=9.0.0=hf484d3e_1
  - libopus=1.3=h7b6447c_0
  - libpng=1.6.17=0
  - libstdcxx-ng=8.2.0=hdf63c60_1
  - libtiff=4.0.6=2
  - libuuid=1.0.3=h1bed415_2
  - libvpx=1.7.0=h439df22_0
  - libxcb=1.13=h1bed415_1
  - mkl=2017.0.4=h4c4d0af_0
  - ncurses=6.1=he6710b0_1
  - numpy=1.9.2=py27_0
  - opencv=2.4.10=np19py27_1
  - openssl=1.1.1a=h7b6447c_0
  - pcre=8.42=h439df22_0
  - pip=18.1=py27_0
  - pixman=0.32.6=0
  - python=2.7.15=h9bab390_6
  - readline=7.0=ha6073c6_4
  - setuptools=39.0.1=py27_0
  - sqlite=3.26.0=h7b6447c_0
  - system=5.8=2
  - tk=8.6.8=hbc83047_0
  - wheel=0.31.0=py27_0
  - wxpython=3.0.0.0=py27_2
  - xz=5.2.4=h14c3975_4
  - zlib=1.2.11=ha838bed_2
  - pip:
    - hmmlearn==0.2.0
    - mavproxy==1.4.33
    - pymavlink==2.1.0
    - pyserial==3.2.1
    - wxpython-common==3.0.0.0
prefix: /home/moses/miniconda3/envs/bug2835

